{"1": {"campos": {"400262": [930.7677001953125, -465.9682312011719, 1437.57177734375], "400263": [772.8126220703125, 151.5574188232422, 342.4296875], "400264": [471.9288635253906, 592.6504516601562, 305.85498046875], "400265": [-369.44744873046875, 483.4682922363281, 184.2551727294922], "400266": [763.0723876953125, -664.6392211914062, 670.27978515625], "400267": [813.7237548828125, -1.2350993156433105, 1832.7862548828125], "400268": [219.46078491210938, 753.837158203125, 330.8232421875], "400269": [1015.37109375, 391.8630676269531, 1023.1768798828125], "400270": [-79.85061645507812, 753.25537109375, 304.8779296875], "400271": [947.58984375, 345.6578674316406, 1514.9017333984375], "400272": [-490.93804931640625, -978.4164428710938, 668.6264038085938], "400273": [975.8012084960938, 21.17098617553711, 1587.5528564453125], "400274": [-767.4818725585938, -29.716949462890625, 304.8766784667969], "400275": [961.4031372070312, 249.046630859375, 651.8015747070312], "400276": [-324.3755187988281, -859.9339599609375, 426.374755859375], "400279": [1055.51318359375, 42.689048767089844, 1370.8848876953125], "400280": [231.347900390625, 608.6154174804688, 205.724853515625], "400281": [961.6607055664062, -66.9057846069336, 596.827880859375], "400282": [-592.1336669921875, -1022.7950439453125, 1097.78173828125], "400283": [-854.6671752929688, 280.0714111328125, 439.6731262207031], "400284": [-462.0673828125, 308.5606994628906, 143.6881561279297], "400285": [-1025.252197265625, 39.995765686035156, 1534.3251953125], "400287": [-653.6253662109375, -908.52978515625, 800.617919921875], "400288": [-126.46463012695312, -611.0311889648438, 182.1262664794922], "400289": [-208.71632385253906, -1.3347772359848022, 19.118350982666016], "400290": [-45.247802734375, -846.1721801757812, 353.84002685546875], "400291": [-0.0, -0.0, -0.0], "400292": [-1062.2335205078125, -72.24689483642578, 765.1837768554688], "400293": [602.731689453125, -637.6780395507812, 442.89605712890625], "400294": [27.405452728271484, -1162.3067626953125, 1253.4996337890625], "400296": [-1000.3723754882812, -192.11279296875, 655.7340087890625], "400297": [300.11334228515625, -449.86212158203125, 139.47935485839844], "400298": [-482.1927490234375, -327.3808898925781, 156.64401245117188], "400299": [911.3273315429688, -177.82598876953125, 1677.8173828125], "400300": [-233.08816528320312, -319.92510986328125, 70.31878662109375], "400301": [-966.6358032226562, -160.15110778808594, 1609.72900390625], "400310": [-968.2504272460938, -558.7882080078125, 1249.9586181640625], "400312": [1046.6954345703125, 221.25767517089844, 891.7130737304688], "400314": [-838.7251586914062, -737.5294189453125, 1341.947998046875], "400315": [1086.5987548828125, 80.88542175292969, 1018.59814453125], "400316": [-1072.5247802734375, -135.24659729003906, 1364.0628662109375], "400317": [-1099.9573974609375, 70.10094451904297, 1273.0010986328125], "400319": [1082.3441162109375, -121.3211441040039, 1122.7838134765625], "400320": [-1108.1964111328125, -104.00273132324219, 1079.0035400390625], "400321": [1018.8472290039062, 108.56491088867188, 741.3414916992188], "400322": [-814.818603515625, 563.7952270507812, 620.0468139648438], "400323": [276.8428649902344, -1005.0208740234375, 1607.4893798828125], "400324": [-621.5508422851562, -960.8366088867188, 1311.3277587890625], "400326": [931.6776123046875, -528.103759765625, 843.8756103515625], "400327": [-789.7093505859375, -660.4803466796875, 630.57373046875], "400330": [-247.832763671875, -1130.013916015625, 846.0089721679688], "400337": [235.8177032470703, -1133.3638916015625, 921.0446166992188], "400338": [1051.5194091796875, -232.04652404785156, 946.3218383789062], "400341": [533.7422485351562, -996.2604370117188, 849.9749145507812], "400342": [-174.76011657714844, -1171.751220703125, 1217.58349609375], "400345": [976.8568115234375, -202.6169891357422, 668.003662109375], "400346": [997.86572265625, -412.3262939453125, 920.00390625], "400347": [657.2957153320312, 289.349853515625, 276.86358642578125], "400348": [758.83740234375, -35.955020904541016, 321.9614562988281], "400349": [721.4713745117188, -352.37847900390625, 366.56597900390625], "400350": [470.10809326171875, 302.8717041015625, 164.5741729736328], "400354": [639.65869140625, -156.89707946777344, 223.69540405273438], "400356": [233.073974609375, -322.489990234375, 76.02072143554688], "400357": [268.3822326660156, -27.430238723754883, 43.69334030151367], "400358": [503.6037902832031, -332.83306884765625, 191.90896606445312], "400359": [-115.27593994140625, -134.125244140625, 13.666666984558105], "400361": [-116.50028991699219, -952.3492431640625, 440.860107421875], "400362": [173.0847625732422, -612.8355712890625, 199.1622314453125], "400363": [-789.2626953125, -348.55657958984375, 391.111328125], "400364": [840.5851440429688, -694.5172729492188, 914.6439819335938], "400365": [-228.66322326660156, 316.4347839355469, 70.03861999511719], "400366": [-929.63037109375, -367.80584716796875, 612.0586547851562], "400367": [625.8782958984375, -954.9857788085938, 1169.7220458984375], "400368": [-615.5712280273438, -625.319580078125, 428.7204895019531], "400369": [635.3733520507812, 466.3359375, 343.1669616699219], "400371": [606.2246704101562, 175.74598693847656, 187.53744506835938], "400372": [470.4769592285156, -986.2996215820312, 1456.6602783203125], "400374": [-289.0660705566406, -1151.1546630859375, 1044.8228759765625], "400375": [640.9994506835938, -925.28759765625, 965.3662719726562], "400377": [3.7326865196228027, -611.9649047851562, 177.8097381591797], "400378": [326.5785827636719, -619.4082641601562, 250.6101837158203], "400379": [561.7559204101562, -889.4736328125, 703.8629150390625], "400380": [-486.1893005371094, 596.00927734375, 310.12945556640625], "400399": [-62.6451530456543, 193.95045471191406, 12.443217277526855], "400400": [27.938373565673828, -320.46917724609375, 47.464298248291016], "400401": [392.2779541015625, -141.23509216308594, 88.50790405273438], "400404": [-109.73699188232422, 493.8855285644531, 122.05804443359375], "400405": [220.7718505859375, 311.8741760253906, 75.95653533935547], "400406": [49.201778411865234, 315.20233154296875, 52.95532989501953], "400407": [515.4886474609375, -15.172309875488281, 135.17214965820312], "400408": [344.9900207519531, 749.1304321289062, 374.4576416015625], "400410": [-862.0371704101562, -170.88665771484375, 421.3420715332031], "400411": [-952.6443481445312, 493.3014831542969, 1341.669921875], "400415": [778.2037353515625, -611.3724365234375, 1603.0479736328125], "400416": [799.4140625, -741.650634765625, 1334.530517578125], "400417": [398.9162292480469, 480.76885986328125, 205.19456481933594], "400418": [-864.5780639648438, 13.138964653015137, 1802.09326171875], "400419": [925.16015625, 530.68603515625, 883.340087890625], "400421": [-238.6403045654297, 605.455810546875, 208.5275115966797], "400422": [49.613059997558594, 754.4539794921875, 303.4101257324219], "400425": [-935.4710693359375, -47.84775924682617, 507.8168640136719], "400426": [-689.679443359375, -930.0564575195312, 999.8197631835938], "400428": [927.7225341796875, 131.02035522460938, 540.1819458007812], "400430": [-981.2733154296875, -456.9017333984375, 1412.786865234375], "400431": [714.02587890625, -197.4352569580078, 1896.9422607421875], "400432": [-1030.661376953125, 127.02826690673828, 693.6000366210938], "400433": [693.6802978515625, 574.2351684570312, 480.61572265625], "400435": [-349.69403076171875, -1061.9063720703125, 1478.078125], "400436": [-532.3245849609375, 179.1831512451172, 144.14859008789062], "400437": [923.038818359375, -383.76812744140625, 658.9560546875], "400439": [469.4896545410156, -1042.57470703125, 1290.250244140625], "400440": [663.7260131835938, -768.0621948242188, 1574.924072265625], "400441": [-340.49609375, -447.2245178222656, 146.13217163085938], "400442": [372.750244140625, 205.22488403320312, 83.70954895019531], "400447": [-473.82550048828125, -9.804584503173828, 101.48316955566406], "400448": [-380.1020202636719, -137.44125366210938, 70.2278060913086], "400449": [-72.35508728027344, -442.5466613769531, 94.74298858642578], "400451": [216.74073791503906, -1156.612060546875, 1108.2510986328125], "400453": [-576.8550415039062, -779.1904907226562, 1704.13720703125], "400456": [-371.6611328125, -622.8986206054688, 245.42689514160156], "400460": [-86.14422607421875, -1112.063720703125, 734.8380737304688], "400464": [106.77332305908203, -1116.236083984375, 751.1361694335938], "400469": [423.1368713378906, -866.9154663085938, 528.4017944335938], "400475": [788.8093872070312, -495.02978515625, 1695.2587890625], "400479": [-794.130126953125, -488.6601257324219, 1737.6600341796875], "400480": [-1104.292724609375, 95.19783782958984, 1001.9044189453125], "400481": [1027.76513671875, -153.5162811279297, 1425.15966796875], "400482": [-1039.199951171875, -424.8704833984375, 1130.0224609375], "400483": [-904.0656127929688, 144.88397216796875, 476.3262939453125], "400484": [21.022756576538086, 606.13623046875, 182.11439514160156], "400485": [-781.092529296875, 458.3961181640625, 466.0481262207031], "400486": [-893.6490478515625, -711.2109985351562, 1088.9385986328125], "400487": [-961.890869140625, 355.091796875, 1516.8675537109375], "400488": [932.9755249023438, 424.6533508300781, 727.455322265625], "400489": [-719.0703735351562, 166.58932495117188, 271.2665710449219], "400500": [834.3190307617188, 453.51959228515625, 1613.317138671875], "400501": [1050.42919921875, -89.7361068725586, 837.1207885742188], "400502": [760.3447875976562, 314.9107971191406, 1808.0606689453125], "400503": [-1034.15966796875, 390.6249084472656, 1184.0892333984375]}, "camrot": {"400262": [[-0.40209391713142395, -0.06296183913946152, 0.9134310483932495], [0.361199289560318, 0.9058148860931396, 0.22143739461898804], [-0.8413415551185608, 0.4189692735671997, -0.3414808511734009]], "400263": [[0.681859016418457, -0.07448814809322357, 0.7276811599731445], [-0.06177430972456932, 0.9853840470314026, 0.1587519496679306], [-0.7288705110549927, -0.1531984508037567, 0.667291522026062]], "400264": [[0.8768266439437866, -0.05757715925574303, 0.4773467481136322], [-0.23099997639656067, 0.8202680945396423, 0.5232582688331604], [-0.4216800332069397, -0.5690739154815674, 0.7059326171875]], "400265": [[0.9287802577018738, 0.0466509610414505, -0.36768317222595215], [0.145520880818367, 0.866481602191925, 0.47752830386161804], [0.34086787700653076, -0.49702444672584534, 0.7979823350906372]], "400266": [[0.4105590581893921, -0.06451849639415741, 0.9095485806465149], [0.5719462037086487, 0.7950888872146606, -0.2017701417207718], [-0.7101540565490723, 0.6030514240264893, 0.363332062959671]], "400267": [[-0.6774135231971741, -0.07482189685106277, 0.7317872643470764], [-0.05274997651576996, 0.9971935153007507, 0.0531279593706131], [-0.7337086200714111, -0.002612162847071886, -0.6794592142105103]], "400268": [[0.9630826711654663, -0.03152090311050415, 0.2673540413379669], [-0.1668163686990738, 0.7095940113067627, 0.6845791935920715], [-0.2112913727760315, -0.7039053440093994, 0.6781395077705383]], "400269": [[0.08513758331537247, -0.0980927124619484, 0.9915288090705872], [-0.3736119270324707, 0.9193890690803528, 0.12303604930639267], [-0.923669695854187, -0.38092198967933655, 0.04162595793604851]], "400270": [[0.9979532957077026, -0.004140595439821482, -0.06381236016750336], [0.048893850296735764, 0.6925542950630188, 0.7197068333625793], [0.041213508695364, -0.7213538885116577, 0.6913393139839172]], "400271": [[-0.38848909735679626, -0.10282192379236221, 0.9156985878944397], [-0.3339095115661621, 0.9419214129447937, -0.035896118730306625], [-0.858825147151947, -0.3197057247161865, -0.400259405374527]], "400272": [[0.5692334175109863, 0.023264620453119278, -0.8218467235565186], [-0.7122637629508972, 0.5132511854171753, -0.4788042902946472], [0.4106746017932892, 0.8579230904579163, 0.30873027443885803]], "400273": [[-0.4623081088066101, -0.0839124396443367, 0.8827400207519531], [-0.068660207092762, 0.9959110021591187, 0.05871167778968811], [-0.8840571045875549, -0.03346622362732887, -0.4661791920661926]], "400274": [[0.6939569115638733, 0.07126753032207489, -0.7164807915687561], [-0.05956921726465225, 0.9973607659339905, 0.04150979220867157], [0.717548131942749, 0.013874191790819168, 0.6963707208633423]], "400275": [[0.4081971049308777, -0.10707888752222061, 0.9065921306610107], [-0.16193440556526184, 0.9688546061515808, 0.187344491481781], [-0.8984165787696838, -0.22328193485736847, 0.37814387679100037]], "400276": [[0.8567746877670288, -0.01929907128214836, -0.5153297185897827], [-0.4081990420818329, 0.5852863192558289, -0.7005807757377625], [0.31513598561286926, 0.8105969429016113, 0.4935806691646576]], "400279": [[-0.2653951644897461, -0.10499420762062073, 0.9584057927131653], [-0.07340103387832642, 0.9933681488037109, 0.08849865943193436], [-0.9613416194915771, -0.04686085879802704, -0.27134180068969727]], "400280": [[0.9699752330780029, -0.03919142857193947, 0.2400251030921936], [-0.10534489154815674, 0.8218339681625366, 0.5599030256271362], [-0.21920417249202728, -0.5683774948120117, 0.7930299639701843]], "400281": [[0.425082266330719, -0.08902395516633987, 0.9007662534713745], [0.07939854264259338, 0.9949830174446106, 0.06086640805006027], [-0.9016656279563904, 0.045646294951438904, 0.43001800775527954]], "400282": [[-0.1736830770969391, 0.07723796367645264, -0.981768012046814], [-0.8486075401306152, 0.4941100478172302, 0.18899863958358765], [0.49969932436943054, 0.8659616112709045, -0.020273836329579353]], "400283": [[0.6155845522880554, 0.07764686644077301, -0.7842363715171814], [0.16553296148777008, 0.9601939916610718, 0.22500306367874146], [0.7704898118972778, -0.2683253586292267, 0.5782274603843689]], "400284": [[0.896679162979126, 0.04409511014819145, -0.44047942757606506], [0.0918898656964302, 0.9548137187957764, 0.28264281153678894], [0.43303897976875305, -0.2939155101776123, 0.8521096706390381]], "400285": [[-0.43268606066703796, 0.09295228123664856, -0.8967400193214417], [0.06726974248886108, 0.9952265620231628, 0.07070265710353851], [0.8990314602851868, -0.02973141334950924, -0.43687352538108826]], "400287": [[0.2924688160419464, 0.084297776222229, -0.952552318572998], [-0.7791344523429871, 0.5985474586486816, -0.186253622174263], [0.5544469952583313, 0.7966397404670715, 0.24073576927185059]], "400288": [[0.989476203918457, 0.024351535364985466, -0.14263202250003815], [-0.09954290837049484, 0.8299695253372192, -0.5488550066947937], [0.10501476377248764, 0.5572769641876221, 0.8236590623855591]], "400289": [[0.9809144139289856, 0.016399409621953964, -0.1937471628189087], [-0.01266744825989008, 0.9997099041938782, 0.020485300570726395], [0.1940269023180008, -0.017640044912695885, 0.9808375835418701]], "400290": [[0.9981415271759033, -0.004812814760953188, -0.060748495161533356], [-0.047122906893491745, 0.5711231827735901, -0.8195106387138367], [0.03863902762532234, 0.8208502531051636, 0.5698349475860596]], "400291": [[1.0, 0.0, 0.0], [0.0, 1.0, 0.0], [0.0, 0.0, 1.0]], "400292": [[0.269021213054657, 0.10081538558006287, -0.9578433036804199], [-0.08184057474136353, 0.9933024644851685, 0.08156168460845947], [0.9596508145332336, 0.05644862353801727, 0.27547022700309753]], "400293": [[0.6839378476142883, -0.05114873871207237, 0.727744996547699], [0.4548335373401642, 0.8098328709602356, -0.37053629755973816], [-0.5703994035720825, 0.5844266414642334, 0.5771395564079285]], "400294": [[0.9857886433601379, 0.0068558515049517155, -0.1678503453731537], [-0.16505223512649536, -0.1465245634317398, -0.9753401279449463], [-0.031280986964702606, 0.989183247089386, -0.14331068098545074]], "400296": [[0.35642918944358826, 0.09540311247110367, -0.9294388294219971], [-0.19334954023361206, 0.9807713031768799, 0.026524841785430908], [0.9140974879264832, 0.17025232315063477, 0.3680216670036316]], "400297": [[0.94144207239151, -0.045137859880924225, 0.33413979411125183], [0.17451710999011993, 0.9131614565849304, -0.3683475852012634], [-0.2884971797466278, 0.4050910174846649, 0.867565929889679]], "400298": [[0.8782553672790527, 0.04475397989153862, -0.476093053817749], [-0.1811017543077469, 0.9525776505470276, -0.2445361316204071], [0.44257164001464844, 0.30098646879196167, 0.8447114825248718]], "400299": [[-0.5742017030715942, -0.06804145872592926, 0.815881609916687], [0.08988185226917267, 0.9852779507637024, 0.14542560279369354], [-0.8137651085853577, 0.15683656930923462, -0.5596325993537903]], "400300": [[0.9741561412811279, 0.019791221246123314, -0.2250068038702011], [-0.08221876621246338, 0.9588860869407654, -0.2716201841831207], [0.2103802114725113, 0.2831002473831177, 0.9357320070266724]], "400301": [[-0.5183278918266296, 0.07239515334367752, -0.8521121740341187], [-0.07835618406534195, 0.9881985783576965, 0.13161997497081757], [0.8515846729278564, 0.13499057292938232, -0.5065382719039917]], "400310": [[-0.23435603082180023, 0.07091042399406433, -0.9695612192153931], [-0.45899727940559387, 0.8711010813713074, 0.1746552288532257], [0.8569706678390503, 0.48595747351646423, -0.1716001033782959]], "400312": [[0.2115098387002945, -0.11513985693454742, 0.9705701470375061], [-0.1804574728012085, 0.9713631272315979, 0.15455982089042664], [-0.9605720639228821, -0.2078375518321991, 0.18467502295970917]], "400314": [[-0.3670319616794586, 0.08426046371459961, -0.9263842105865479], [-0.5679126381874084, 0.7684455513954163, 0.294901043176651], [0.736724317073822, 0.6343434453010559, -0.23419150710105896]], "400315": [[0.04579804092645645, -0.11070162802934647, 0.9927979111671448], [-0.07778795808553696, 0.9904277920722961, 0.11402572691440582], [-0.9959174394607544, -0.08244987577199936, 0.03674839809536934]], "400316": [[-0.2882921099662781, 0.09921373426914215, -0.9523887038230896], [-0.07846639305353165, 0.9888248443603516, 0.1267615258693695], [0.954322099685669, 0.111274853348732, -0.27728545665740967]], "400317": [[-0.18061372637748718, 0.09940548986196518, -0.9785178899765015], [0.057266250252723694, 0.9942546486854553, 0.0904340147972107], [0.981885552406311, -0.03970242664217949, -0.1852686107158661]], "400319": [[-0.06304113566875458, -0.10277341306209564, 0.9927051067352295], [0.10741331428289413, 0.9882071018218994, 0.10912895202636719], [-0.992213785648346, 0.11350935697555542, -0.05125846341252327]], "400320": [[-0.03037494607269764, 0.09146511554718018, -0.9953449368476868], [-0.09316883236169815, 0.991209864616394, 0.09392836689949036], [0.9951868653297424, 0.09558819234371185, -0.02158624865114689]], "400321": [[0.3046330213546753, -0.09916214644908905, 0.9472938179969788], [-0.08440994471311569, 0.9878417253494263, 0.13055142760276794], [-0.9487221240997314, -0.11973129957914352, 0.2925589382648468]], "400322": [[0.5312447547912598, 0.08439897745847702, -0.843004047870636], [0.4054999053478241, 0.8483220934867859, 0.3404695391654968], [0.7438742518424988, -0.5227106809616089, 0.41644287109375]], "400323": [[-0.8916900157928467, -0.019150804728269577, 0.4522412419319153], [0.37015748023986816, 0.5441891551017761, 0.7528888583183289], [-0.2605232000350952, 0.8387439250946045, -0.47815924882888794]], "400324": [[-0.46949461102485657, 0.07683392614126205, -0.8795859217643738], [-0.7242953181266785, 0.5362106561660767, 0.4334447979927063], [0.5049465894699097, 0.8405799865722656, -0.19609755277633667]], "400326": [[0.1880790740251541, -0.09731567651033401, 0.9773207902908325], [0.47866538166999817, 0.877984881401062, -0.004691647365689278], [-0.8576163053512573, 0.46869200468063354, 0.21171222627162933]], "400327": [[0.4302166700363159, 0.07588411867618561, -0.8995305895805359], [-0.5491787195205688, 0.8128559589385986, -0.1940823197364807], [0.7164610028266907, 0.5775004625320435, 0.39137810468673706]], "400330": [[-0.577965259552002, -0.058251675218343735, 0.8139796853065491], [0.7933157682418823, -0.27396059036254883, 0.543687105178833], [0.19132767617702484, 0.9599751830101013, 0.20455166697502136]], "400337": [[0.20897404849529266, -0.07791930437088013, 0.9748119711875916], [0.9543081521987915, 0.23397879302501678, -0.1858760118484497], [-0.2136020064353943, 0.9691143035888672, 0.12325452268123627]], "400338": [[0.10449063777923584, -0.11344893276691437, 0.9880339503288269], [0.21258141100406647, 0.9730591177940369, 0.0892476886510849], [-0.9715404510498047, 0.20071209967136383, 0.1257926970720291]], "400341": [[0.25439900159835815, -0.09575071185827255, 0.9623476266860962], [0.8609955310821533, 0.475587397813797, -0.18028679490089417], [-0.4404177963733673, 0.8744418025016785, 0.20342989265918732]], "400342": [[0.8173389434814453, -0.04234451428055763, 0.5745989680290222], [0.5580801367759705, -0.189669668674469, -0.8078193068504333], [0.14319071173667908, 0.9809344410896301, -0.13139277696609497]], "400345": [[0.3705871105194092, -0.08866474777460098, 0.9245559573173523], [0.20797446370124817, 0.9780786037445068, 0.010435749776661396], [-0.9052137136459351, 0.18841667473316193, 0.38090333342552185]], "400346": [[0.11439702659845352, -0.0886729285120964, 0.9894697666168213], [0.37894847989082336, 0.9245936274528503, 0.03904701769351959], [-0.9183198809623718, 0.3704911768436432, 0.13937322795391083]], "400347": [[0.773661732673645, -0.07488782703876495, 0.6291576623916626], [-0.118711456656456, 0.9582731127738953, 0.26003897190093994], [-0.6223785877227783, -0.2758704125881195, 0.7324891686439514]], "400348": [[0.714910626411438, -0.07668197900056839, 0.6949983239173889], [0.07919987291097641, 0.9964520335197449, 0.028473570942878723], [-0.6947159171104431, 0.034687723964452744, 0.7184473276138306]], "400349": [[0.6631059050559998, -0.06415320187807083, 0.7457713484764099], [0.2828553020954132, 0.9439224600791931, -0.1703033447265625], [-0.6930248737335205, 0.3238745331764221, 0.6440666317939758]], "400350": [[0.8888715505599976, -0.055048827081918716, 0.4548373222351074], [-0.07767517119646072, 0.9602770209312439, 0.26801973581314087], [-0.451524019241333, -0.2735646665096283, 0.8492870330810547]], "400354": [[0.7839645147323608, -0.06669779121875763, 0.6172122955322266], [0.14966416358947754, 0.9851931929588318, -0.08363603055477142], [-0.602495014667511, 0.15794223546981812, 0.7823387980461121]], "400356": [[0.9724257588386536, -0.031792234629392624, 0.23103541135787964], [0.09740903973579407, 0.95548015832901, -0.2785123288631439], [-0.21189522743225098, 0.29333752393722534, 0.9322304129600525]], "400357": [[0.9622880816459656, -0.024662695825099945, 0.27091220021247864], [0.036881379783153534, 0.9985146522521973, -0.040103208273649216], [-0.26952075958251953, 0.04858245328068733, 0.9617683291435242]], "400358": [[0.8498442769050598, -0.04162682965397835, 0.5253874659538269], [0.2022278904914856, 0.9463248252868652, -0.2521371841430664], [-0.48669150471687317, 0.32052531838417053, 0.8126468658447266]], "400359": [[0.9929532408714294, 0.00037929011159576476, -0.11850616335868835], [-0.011785929091274738, 0.9953531622886658, -0.09556759148836136], [0.11791924387216568, 0.09629084914922714, 0.9883436560630798]], "400361": [[-0.9854414463043213, 0.01120256632566452, 0.16964569687843323], [0.13549302518367767, -0.5509893894195557, 0.823439359664917], [0.10269761085510254, 0.8344370722770691, 0.5414499044418335]], "400362": [[0.9712770581245422, -0.006509297993034124, 0.23786242306232452], [0.1382293701171875, 0.8290950059890747, -0.5417509078979492], [-0.19368413090705872, 0.559069812297821, 0.8061807751655579]], "400363": [[0.6267727017402649, 0.07703044265508652, -0.7753852605819702], [-0.30491480231285095, 0.9399948120117188, -0.15309040248394012], [0.7170655131340027, 0.3323793113231659, 0.6126508116722107]], "400364": [[0.12390369921922684, -0.07745330780744553, 0.9892668128013611], [0.6250818371772766, 0.7803698182106018, -0.017192253842949867], [-0.7706624269485474, 0.6205029487609863, 0.14510536193847656]], "400365": [[0.9758782386779785, 0.027988817542791367, -0.21651408076286316], [0.03828274831175804, 0.9544422030448914, 0.2959299683570862], [0.2149329036474228, -0.2970803678035736, 0.9303478598594666]], "400366": [[0.409898579120636, 0.08381078392267227, -0.9082725048065186], [-0.3401089310646057, 0.9380008578300476, -0.06693539768457413], [0.8463504314422607, 0.336348295211792, 0.412990003824234]], "400367": [[-0.23899661004543304, -0.06646932661533356, 0.9687427282333374], [0.7913596034049988, 0.5648004412651062, 0.23398800194263458], [-0.5626993179321289, 0.8225462436676025, -0.08238425105810165]], "400368": [[0.6895879507064819, 0.057572923600673676, -0.7219098210334778], [-0.45434731245040894, 0.8106449246406555, -0.36935532093048096], [0.5639476776123047, 0.582700788974762, 0.5851690769195557]], "400369": [[0.7728846073150635, -0.06870725750923157, 0.630815863609314], [-0.23430971801280975, 0.8929625749588013, 0.3843393921852112], [-0.5897018909454346, -0.44485631585121155, 0.6740582585334778]], "400371": [[0.8152503967285156, -0.06315191835165024, 0.575654923915863], [0.0025919440668076277, 0.9944241642951965, 0.10542203485965729], [-0.5791028141975403, -0.0844532921910286, 0.8108684420585632]], "400372": [[-0.6865805983543396, -0.019918592646718025, 0.7267808318138123], [0.5972369313240051, 0.5546178817749023, 0.5794023275375366], [-0.4146265387535095, 0.8318667411804199, -0.3688937723636627]], "400374": [[0.15211232006549835, -0.07812707871198654, 0.9852705001831055], [0.9552470445632935, -0.2442651242017746, -0.1668461263179779], [0.25370243191719055, 0.9665561318397522, 0.03747492656111717]], "400375": [[0.07581713795661926, -0.07132567465305328, 0.9945674538612366], [0.8233366012573242, 0.5671232342720032, -0.022092601284384727], [-0.5624665021896362, 0.8205387592315674, 0.10172269493341446]], "400377": [[0.9999791383743286, -0.006450841203331947, 0.000341980456141755], [0.005629942286759615, 0.8443223834037781, -0.535805881023407], [0.003167656948789954, 0.5357966423034668, 0.8443410992622375]], "400378": [[0.919808030128479, -0.019536355510354042, 0.3918820321559906], [0.2294161468744278, 0.8370246291160583, -0.4967474639415741], [-0.3183102607727051, 0.546816349029541, 0.7743839025497437]], "400379": [[0.4846208095550537, -0.07656779140233994, 0.8713667392730713], [0.7397682666778564, 0.5674608945846558, -0.3615674674510956], [-0.4667821526527405, 0.8198326230049133, 0.33164578676223755]], "400380": [[0.8618675470352173, 0.05770183354616165, -0.5038400888442993], [0.24107562005519867, 0.8274565935134888, 0.5071470141410828], [0.4461691379547119, -0.5585571527481079, 0.6992474794387817]], "400399": [[0.9979239702224731, -0.0006074056727811694, -0.0643998235464096], [0.00988528598099947, 0.9895505905151367, 0.14384675025939941], [0.06363951414823532, -0.14418473839759827, 0.9875022768974304]], "400400": [[0.9991581439971924, -0.008340278640389442, 0.04016745835542679], [0.018543848767876625, 0.9651976227760315, -0.26086342334747314], [-0.03659386187791824, 0.2613886892795563, 0.9645397067070007]], "400401": [[0.9320246577262878, -0.0507037490606308, 0.35883021354675293], [0.09609007090330124, 0.9892988204956055, -0.10979332774877548], [-0.349423348903656, 0.13681010901927948, 0.9269230365753174]], "400404": [[0.9937946200370789, 0.007940592244267464, -0.1109466627240181], [0.04519471153616905, 0.8825749754905701, 0.4679945111274719], [0.10163489729166031, -0.4701046645641327, 0.8767393827438354]], "400405": [[0.978167712688446, -0.027585718780755997, 0.2059781700372696], [-0.03617469221353531, 0.9534176588058472, 0.2994765341281891], [-0.20464450120925903, -0.30038946866989136, 0.9316044449806213]], "400406": [[0.9991530776023865, -0.008567549288272858, 0.04024631530046463], [-0.0038794188294559717, 0.9541135430335999, 0.29941990971565247], [-0.040964849293231964, -0.2993224263191223, 0.9532722234725952]], "400407": [[0.8652517795562744, -0.052333518862724304, 0.4985986053943634], [0.056649718433618546, 0.9983730912208557, 0.006482383236289024], [-0.49812665581703186, 0.022636577486991882, 0.8668087720870972]], "400408": [[0.8918375968933105, -0.07998587191104889, 0.4452279806137085], [-0.2596774399280548, 0.7153881788253784, 0.6486812829971313], [-0.3703961670398712, -0.694133996963501, 0.6172395348548889]], "400410": [[0.5873504877090454, 0.07300173491239548, -0.8060335516929626], [-0.16156654059886932, 0.9864533543586731, -0.028390103951096535], [0.793042004108429, 0.14690299332141876, 0.5911885499954224]], "400411": [[-0.23363511264324188, 0.10281092673540115, -0.9668735861778259], [0.4519956111907959, 0.8919042348861694, -0.014380927197635174], [0.8608801364898682, -0.4403825104236603, -0.25485023856163025]], "400415": [[-0.5685222744941711, -0.0816914364695549, 0.8186017870903015], [0.36063170433044434, 0.8696050643920898, 0.33724144101142883], [-0.7394100427627563, 0.4869430363178253, -0.46492934226989746]], "400416": [[-0.3744324743747711, -0.04924251511693001, 0.9259457588195801], [0.5914535522460938, 0.756386399269104, 0.27939626574516296], [-0.7141309380531311, 0.6522689461708069, -0.25409096479415894]], "400417": [[0.9125927686691284, -0.04102129116654396, 0.40680667757987976], [-0.1559118926525116, 0.8848633170127869, 0.438985675573349], [-0.37797605991363525, -0.46404117345809937, 0.8011241555213928]], "400418": [[-0.6570761799812317, 0.0619124099612236, -0.7512773871421814], [0.0528949499130249, 0.9979517459869385, 0.03597816824913025], [0.7519660592079163, -0.0160983819514513, -0.6590051651000977]], "400419": [[0.24782003462314606, -0.1279817521572113, 0.9603155255317688], [-0.44369959831237793, 0.8661752343177795, 0.22993722558021545], [-0.8612293004989624, -0.4830746650695801, 0.1578701287508011]], "400421": [[0.9649221897125244, 0.021977953612804413, -0.26161447167396545], [0.13367702066898346, 0.8165113925933838, 0.5616400837898254], [0.22595489025115967, -0.5769108533859253, 0.784932017326355]], "400422": [[0.9914335012435913, -0.038878608494997025, 0.12469188123941422], [-0.06286104023456573, 0.6948010921478271, 0.7164495587348938], [-0.11449062079191208, -0.7181503176689148, 0.6864051222801208]], "400425": [[0.5085625648498535, 0.07475665956735611, -0.8577736020088196], [-0.07005081325769424, 0.9965136051177979, 0.045315925031900406], [0.8581706881523132, 0.03704174980521202, 0.512026309967041]], "400426": [[-0.0022972726728767157, 0.09248778969049454, -0.9957111477851868], [-0.7987565398216248, 0.5989030599594116, 0.057472676038742065], [0.6016499996185303, 0.7954628467559814, 0.07249938696622849]], "400428": [[0.5089861750602722, -0.09487444162368774, 0.8555302023887634], [-0.05644631385803223, 0.9880890846252441, 0.14315660297870636], [-0.8589219450950623, -0.12115626037120819, 0.49756836891174316]], "400430": [[-0.36945778131484985, 0.0863165631890297, -0.9252299070358276], [-0.33195775747299194, 0.917717456817627, 0.21817128360271454], [0.8679314255714417, 0.3877423405647278, -0.3104044198989868]], "400431": [[-0.7688087821006775, -0.06304224580526352, 0.636363685131073], [0.06992226094007492, 0.98087477684021, 0.18164676427841187], [-0.6356444954872131, 0.18414761126041412, -0.7496970891952515]], "400432": [[0.3487665057182312, 0.08945482969284058, -0.9329307079315186], [0.07511776685714722, 0.9895637631416321, 0.12296713143587112], [0.9341944456100464, -0.11296649277210236, 0.338407039642334]], "400433": [[0.6785263419151306, -0.08816055208444595, 0.7292665839195251], [-0.34735986590385437, 0.8362551331520081, 0.424285888671875], [-0.6472581624984741, -0.5412070751190186, 0.5367976427078247]], "400435": [[-0.8153976798057556, 0.040987975895404816, -0.5774483680725098], [-0.4968872666358948, 0.46225979924201965, 0.7344514727592468], [0.2970348596572876, 0.8857967257499695, -0.356559157371521]], "400436": [[0.8707688450813293, 0.05001505836844444, -0.48914220929145813], [0.03851109743118286, 0.9848194718360901, 0.16925561428070068], [0.49018213152885437, -0.16621991991996765, 0.8556240200996399]], "400437": [[0.3632810115814209, -0.07124950736761093, 0.9289512634277344], [0.3605300784111023, 0.9301435351371765, -0.06965000182390213], [-0.8590954542160034, 0.3602173924446106, 0.3635910451412201]], "400439": [[0.5312211513519287, 0.05745287239551544, -0.8452829718589783], [-0.7294825911521912, -0.47638794779777527, -0.49082550406455994], [-0.43088194727897644, 0.8773560523986816, -0.21115648746490479]], "400440": [[-0.6551211476325989, -0.05377357080578804, 0.7536077499389648], [0.47924143075942993, 0.7415360808372498, 0.4695230722427368], [-0.5840752720832825, 0.6687545776367188, -0.460025429725647]], "400441": [[0.937021017074585, 0.03039940632879734, -0.3479475677013397], [-0.1668127030134201, 0.9141939878463745, -0.36935463547706604], [0.3068634271621704, 0.404135137796402, 0.8616899847984314]], "400442": [[0.9406285881996155, -0.06540825963020325, 0.33307594060897827], [0.0032114789355546236, 0.9829294681549072, 0.18395471572875977], [-0.339422345161438, -0.1719634085893631, 0.9247816205024719]], "400447": [[0.8973259925842285, 0.04856496676802635, -0.43868836760520935], [-0.04180785268545151, 0.9988114237785339, 0.025056442245841026], [0.4393838346004486, -0.004143178462982178, 0.8982898592948914]], "400448": [[0.9292898178100586, 0.02361314930021763, -0.36859583854675293], [-0.06420902162790298, 0.9930869936943054, -0.0982617661356926], [0.3637274503707886, 0.11498083174228668, 0.9243817925453186]], "400449": [[0.9980616569519043, 0.002032293938100338, -0.06219948083162308], [-0.025582170113921165, 0.9245143532752991, -0.3802877366542816], [0.0567314550280571, 0.3811418116092682, 0.9227743148803711]], "400451": [[0.4704345762729645, 0.06885631382465363, -0.8797443509101868], [-0.8599650859832764, -0.18777170777320862, -0.4745544195175171], [-0.19786715507507324, 0.9797962307929993, -0.029120279476046562]], "400453": [[-0.8043718338012695, 0.05289137735962868, -0.5917671918869019], [-0.3509692847728729, 0.7613629698753357, 0.545111894607544], [0.47938135266304016, 0.6461647748947144, -0.5938556790351868]], "400456": [[0.8878411054611206, 0.016212092712521553, -0.4598644971847534], [-0.27087390422821045, 0.8262895941734314, -0.49383485317230225], [0.3719751238822937, 0.5630121827125549, 0.7380052804946899]], "400460": [[-0.9812177419662476, -0.011721153743565083, 0.19254711270332336], [0.18687118589878082, -0.30542024970054626, 0.9337010383605957], [0.047863736748695374, 0.952145516872406, 0.3018741309642792]], "400464": [[-0.8662752509117126, 0.032560355961322784, -0.49850475788116455], [-0.4936159551143646, -0.20935377478599548, 0.84410560131073], [-0.07687947154045105, 0.9772977232933044, 0.1974303126335144]], "400469": [[0.7493762373924255, -0.055813517421483994, 0.6597879528999329], [0.5563852787017822, 0.5933040380477905, -0.5817437171936035], [-0.35898569226264954, 0.8030412197113037, 0.4756617546081543]], "400475": [[-0.6432055234909058, -0.05417517200112343, 0.7637746334075928], [0.29706650972366333, 0.9017059206962585, 0.3141304552555084], [-0.7057182192802429, 0.4289422929286957, -0.5638885498046875]], "400479": [[-0.6784435510635376, 0.0668322741985321, -0.7316063046455383], [-0.27043288946151733, 0.9032076001167297, 0.3332897126674652], [0.6830669045448303, 0.42396867275238037, -0.5947017073631287]], "400480": [[0.05970141291618347, 0.0963108018040657, -0.9935592412948608], [0.0843920111656189, 0.991284191608429, 0.10116124898195267], [0.9946424961090088, -0.08988793194293976, 0.051053207367658615]], "400481": [[-0.3501293361186981, -0.09001535177230835, 0.9323661923408508], [0.10967472940683365, 0.9845858812332153, 0.1362428069114685], [-0.9302585124969482, 0.14995960891246796, -0.3348599970340729]], "400482": [[-0.10948393493890762, 0.09474708884954453, -0.9894626140594482], [-0.36147457361221313, 0.9234947562217712, 0.1284273862838745], [0.9259316325187683, 0.37172630429267883, -0.0668591782450676]], "400483": [[0.5528668761253357, 0.07735653221607208, -0.8296711444854736], [0.08097060769796371, 0.9859821200370789, 0.1458868682384491], [0.8293262124061584, -0.14783498644828796, 0.5388532280921936]], "400484": [[0.9996612071990967, -0.0003259769582655281, 0.026026031002402306], [-0.014952616766095161, 0.811261773109436, 0.5844918489456177], [-0.021304456517100334, -0.5846830010414124, 0.8109820485115051]], "400485": [[0.64348304271698, 0.09051130712032318, -0.7600902915000916], [0.292556494474411, 0.888517439365387, 0.3534790873527527], [0.7073473334312439, -0.4498271644115448, 0.5452662110328674]], "400486": [[-0.1010098084807396, 0.08994124084711075, -0.9908115863800049], [-0.608866810798645, 0.7820332050323486, 0.13306118547916412], [0.7868152260780334, 0.616712749004364, -0.02423078566789627]], "400487": [[-0.3952009379863739, 0.09423698484897614, -0.9137481451034546], [0.32916441559791565, 0.9431954026222229, -0.045091412961483], [0.8575937151908875, -0.3185935318470001, -0.40377116203308105]], "400488": [[0.38488706946372986, -0.11858430504798889, 0.9153140187263489], [-0.32775363326072693, 0.9095159769058228, 0.25565266609191895], [-0.8628090620040894, -0.3983948826789856, 0.3111944794654846]], "400489": [[0.7518612146377563, 0.07105480879545212, -0.6554813981056213], [0.04816433787345886, 0.985600471496582, 0.16208629310131073], [0.6575598120689392, -0.15343722701072693, 0.7376124858856201]], "400500": [[-0.4947214126586914, -0.10211268812417984, 0.8630316853523254], [-0.402473121881485, 0.9070781469345093, -0.1233881488442421], [-0.7702376842498779, -0.4083898365497589, -0.4898485839366913]], "400501": [[0.20309840142726898, -0.10253652185201645, 0.973774790763855], [0.11178948730230331, 0.9904273152351379, 0.0809742733836174], [-0.9727559685707092, 0.09241203963756561, 0.2126166969537735]], "400502": [[-0.6719736456871033, -0.07781278342008591, 0.7364758253097534], [-0.2747492790222168, 0.9496887922286987, -0.15034620463848114], [-0.6877239942550659, -0.30337488651275635, -0.659544825553894]], "400503": [[-0.08236534893512726, 0.11207854747772217, -0.9902799129486084], [0.34801095724105835, 0.9343392848968506, 0.07680186629295349], [0.9338652491569519, -0.3383024334907532, -0.11596173793077469]]}, "focal": {"400262": [1263.802978515625, 1264.2376708984375], "400263": [1264.69189453125, 1264.78271484375], "400264": [1268.0150146484375, 1267.450927734375], "400265": [1271.382080078125, 1271.032958984375], "400266": [1268.066162109375, 1268.92333984375], "400267": [1265.1473388671875, 1264.931640625], "400268": [1271.8212890625, 1271.3673095703125], "400269": [1269.3984375, 1269.1441650390625], "400270": [1273.7862548828125, 1273.2413330078125], "400271": [1267.4217529296875, 1267.0440673828125], "400272": [1287.79248046875, 1287.910888671875], "400273": [1262.3297119140625, 1262.0960693359375], "400274": [1267.1539306640625, 1267.5809326171875], "400275": [1266.7392578125, 1266.6971435546875], "400276": [1285.122802734375, 1285.3988037109375], "400279": [1264.0758056640625, 1263.9384765625], "400280": [1269.3731689453125, 1268.8931884765625], "400281": [1265.51220703125, 1265.79345703125], "400282": [1289.6387939453125, 1289.6212158203125], "400283": [1268.11572265625, 1268.0889892578125], "400284": [1270.4659423828125, 1270.40185546875], "400285": [1261.2274169921875, 1261.037109375], "400287": [1283.894287109375, 1284.08154296875], "400288": [1272.183837890625, 1272.81103515625], "400289": [1266.9739990234375, 1267.2572021484375], "400290": [1281.102294921875, 1280.3909912109375], "400291": [1269.2459716796875, 1269.5595703125], "400292": [1263.6663818359375, 1263.7630615234375], "400293": [1265.0118408203125, 1265.70849609375], "400294": [1289.5887451171875, 1289.4447021484375], "400296": [1259.8558349609375, 1260.1358642578125], "400297": [1267.29541015625, 1267.8529052734375], "400298": [1264.55908203125, 1265.2158203125], "400299": [1262.4786376953125, 1262.500244140625], "400300": [1264.151123046875, 1264.76708984375], "400301": [1260.395751953125, 1260.3896484375], "400310": [1266.3511962890625, 1266.6534423828125], "400312": [1267.786376953125, 1267.655029296875], "400314": [1275.97216796875, 1276.32373046875], "400315": [1267.111450195